
[BLO]
 "head" @HEAD
 30 15
 A: +000,+080,+070	+050,+050	150 055 055	# front middle top
 B: +000,+010,+060	+080,+089	105 000 000	# front middle bottom

 E: +009,+080,+072	+050,+050	255 255 255
 F: +009,+020,+062	+080,+089	005 010 050
 G: +069,+021,+022	+100,+100	005 000 050
 L: +099,+081,+022	+100,+100	005 000 050

 H: -009,+080,+072	+050,+050	255 255 255
 I: -009,+020,+062	+080,+089	005 010 050
 J: -069,+021,+022	+100,+100	005 000 050
 K: -099,+081,+022	+100,+100	005 000 050

 M: +000,+080,+110	+050,+050	050 005 055
 N: +059,+121,+082	+100,+100	255 000 050
 O: -059,+121,+082	+100,+100	255 000 050

 P: +096,+181,+032	+100,+100	005 000 050
 Q: -096,+181,+032	+100,+100	005 000 050

 C: +000,+180,-100	+050,+050	150 055 055
 D: +000,+100,-100	+050,+050	150 055 055

 R: +196,+181,-132	+100,+100	205 200 250
 S: -196,+181,-132	+100,+100	205 200 250

 strip JABG
 strip LGEF
 strip HIKJ
 strip KMHMEL
 strip LNMNOMK
 strip KOQNPL
 strip KQCPL
 strip JDKC
 strip GDLC

 strip RLN
 strip SKO

